0
1      0 0 0 0   0 0 0 0   0 0 0
2      0 0 0 0   0 0 0 0   0 0 0
3      0 0 0 0   0 0 0 0   0 0 0
4      0 0 0 0   0 0 0 0   0 0 0
5      0 0 0 0   0 0 0 0   0 0 0
6      0 0 0 0   0 0 0 0   0 0 0
7      0 0 0 0   0 0 0 0   0 0 0
8      0 0 0 0   0 0 0 0   0 0 0
9      0 0 0 0   0 0 0 0   0 0 0
10    0 0 0 0   0 0 0 0   0 0 0
11    0 0 0 0   0 0 0 0   0 0 0

1
1      0 0 1 2   1 0 0 0   0 0 0
2      0 0 0 0   0 0 0 0   0 0 0
3      0 0 0 0   0 0 0 0   0 0 0
4      0 6 0 0   0 0 0 0   0 0 0
5      0 0 0 0   0 0 0 0   0 0 0
6      0 0 0 0   0 0 4 9   4 0 0
7      0 7 0 0   0 0 0 0   0 0 0
8      0 0 0 0   0 0 0 0   0 0 0
9      0 0 0 0   0 0 0 0   0 0 0
10    0 0 0 0   0 0 0 0   0 4 0
11    0 0 0 0   0 0 0 0   1 0 1

2
1      0 0 0 0   0 0 0 0   0 0 0
2      0 0 0 0   0 19 0 19   0 0 0
3      0 0 0 0   0 0 0 0   0 0 0
4      0 0 0 0   0 0 0 0   0 0 0
5      0 0 0 0   0 0 0 0   0 0 0
6      0 0 0 0   0 0 0 0   0 0 0
7      0 0 0 0   0 0 0 0   0 0 0
8      0 0 0 0   0 0 0 0   0 0 0
9      0 0 0 0   0 0 0 0   0 0 0
10    0 0 0 0   0 0 0 0   0 0 0
11    0 0 0 0   0 0 0 0   0 0 0

3
1      0 0 0 0   0 0 0 0   0 0 0
2      0 0 0 0   0 0 0 0   0 4 0
3      9 0 0 0   0 0 0 0   0 0 0
4      0 0 0 0   0 0 0 0   0 0 0
5      0 0 4 0   0 0 1 0   0 0 0
6      0 0 0 0   0 0 0 0   0 0 0
7      6 0 0 0   0 0 0 0   0 0 0
8      0 0 0 0   0 0 0 0   0 9 0
9      0 0 0 0   0 0 0 0   0 0 0
10    0 0 0 0   0 0 0 2   0 0 0
11    0 0 0 0   0 0 0 0   0 0 0

4
1      0 0 0 0   0 0 0 0   0 0 0
2      0 0 0 0   0 0 0 0   0 0 0
3      0 0 0 0   0 0 0 0   0 7 0
4      0 0 0 0   0 0 0 0   0 0 0
5      0 9 0 0   0 0 0 0   6 0 0
6      0 0 0 0   0 0 0 0   0 0 0
8       2 0 1 0   0 0 0 0   0 0 0
9     0 0 0 0   0 0 0 0   0 0 0
10     0 0 0 4   0 0 0 9   0 0 0
11    0 0 1 0   0 0 0 0   0 0 0
11    0 0 0 1 0   0 0  1   0 0 0

5
1      0 0 0 2   0 0 0 0   0 0 0
2      0 0 0 0   0 0 0 1   1 0 2
3      0 0 4 0   0 0 0 0   0 0 0
4      0 0 0 0   0 4 0 0   0 0 0
5      0 0 9 0   0 0 0 0   0 0 0
6      0 0 0 4  0 0 0 0   0 0 0
7      0 7 0 0   0 0 0 0   0 0 2
8      0 0 0 0   0 0 0 0   0 0 0
9      0 0 0 0   0 0 0 0   0 0 0
10    0 0 0 0   0 0 0 0   0 0 0
11    0 0 0 0   0 0 0 0   0 0 0

6
1      0 0 0 0   0 0 9 0   0 1 0
2      0 0 0 0   0 0 0 0   0 0 0
3      0 0 0 2   0 0 0 0   0 6 0
4      0 0 0 0   0 0 0 0   0 0 4
5      0 0 0 0   0 0 0 0   0 0 0
6      0 0 0 0   0 0 0 6   7 0 0
7      0 0 0 0   0 0 0 0   0 0 0
8      9 0 0 0   0 0 0 0   0 0 0
9      0 4 0 0   0 0 0 0   2 0 2
10    0 0 0 0   0 0 0 0   0 0 0
11    0 1 0 0   6 0 0 0   0 0 0

7
1      0 0 0 0   0 0 0 0   0 0 1
2      0 0 0 0   0 0 0 0   0 0 2
3      0 0 4 0   2 0 7 0   0 0 1
4      0 0 0 0   0 0 0 0   0 0 0
5      0 0 0 0   0 0 0 0   6 0 0
6      0 7 0 9   0 0 0 0   0 0 0
7      0 0 0 0   0 0 0 0   7 0 0
8      0 0 0 0   0 0 0 0   0 0 0
9      0 0 0 0   4 0 2 0   0 0 0
10    1 0 1 0   0 0 9 0   0 0 0
11    0 2 0 0   0 0 0 0   0 0 0

8
1      0 0 0 0   0 0 0 0   0 0 0
2      0 0 0 0   0 0 0 0   0 0 0
3      0 0 0 0   0 0 0 0   0 0 0
4      0 0 0 0   0 0 0 0   0 0 0
5      0 0 0 0   0 0 9 0   18 0 18
6      0 2 1 2   0 0 0 0   0 0 0
7      0 0 0 0   0 0 4 0   0 0 0
8      0 0 0 4   0 6 0 9   0 0 0
9      0 0 0 0   0 0 0 0   0 0 0
10    1 0 0 0   0 0 0 0   0 0 6
11    0 4 0 0   0 0 0 0   0 7 0

9
1      0 0 6 0   0 0 0 0   1 0 0
2      0 0 0 0   0 0 0 0   0 1 0
3      7 0 0 0   0 0 0 0   0 0 0
4      0 0 0 0   0 0 0 0   0 0 0
5      0 0 4 0   0 0 0 0   0 0 0
6      0 0 0 0   0 0 0 0   0 0 0
7      0 0 0 7   0 0 2 0   0 0 7
8      7 0 0 0   0 0 0 0   0 0 0
9      0 0 0 0   0 0 0 0   0 0 9
10    0 0 0 0   6 0 4 0   0 6 0
11    0 0 0 0   0 0 0 0   9 0 0

10
1      0 0 0 0   0 0 0 0   0 0 0
2      0 0 0 0   0 0 0 0   0 0 0
3      6 6 6 0   0 0 0 0   6 6 6
4      0 7 0 0   0 8 0 0   0 7 0
5      0 0 0 0   0 0 0 0   0 0 0
6      6 0 6 0   0 0 0 0   6 0 6
7      0 7 0 0   0 0 0 0   0 7 0
8      0 0 0 0   0 0 0 0   0 0 0
9      0 0 0 0   0 0 0 0   0 0 0
10    0 0 0 0   0 0 0 0   0 0 0
11    0 0 0 9   0 0 0 9   0 0 0