0
1      0 0 0 0   0 0 0 0   0 0 0
2      0 0 0 0   0 0 0 0   0 0 0
3      0 0 0 0   0 0 0 0   0 0 0
4      0 0 0 0   0 0 0 0   0 0 0
5      0 0 0 0   0 0 0 0   0 0 0
6      0 0 0 0   0 0 0 0   0 0 0
7      0 0 0 0   0 0 0 0   0 0 0
8      0 0 0 0   0 0 0 0   0 0 0
9      0 0 0 0   0 0 0 0   0 0 0
10    0 0 0 0   0 0 0 0   0 0 0
11    0 0 0 0   0 0 0 0   0 0 0

1
1      0 0 0 0   0 0 0 0   0 0 0
2      0 0 0 0   0 0 0 0   0 0 0
3      4 0 0 0   0 0 6 1   0 0 0
4      0 0 0 0   0 0 7 4   0 0 0
5      0 0 0 0   0 0 0 0   0 0 0
6      1 0 0 0   0 0 0 0   0 0 0
7      0 0 0 0   0 0 0 0   0 0 0
8      0 0 0 0   0 0 0 0   0 0 0
9      0 0 0 0   0 0 0 0   0 0 0
10    4 0 1 0   1 0 0 0   0 0 0
11    4 8 1 0   0 0 0 0   0 5 0

2
1      0 0 0 0   0 0 0 0   0 0 0
2      0 0 0 0   0 0 0 0   0 0 0
3      0 0 0 0   0 0 0 0   0 0 0
4      0 0 1 1   0 0 0 0   0 0 0
5      0 0 1 0   0 0 0 0   0 0 0
6      0 0 0 0   0 0 0 0   0 0 0
7      0 0 0 0   0 0 0 0   0 0 0
8      0 0 0 0   0 0 0 0   0 0 0
9      0 0 0 0   0 0 0 0   0 0 0
10    0 0 5 5   0 0 0 0   0 0 0
11    0 0 5 0   0 0 0 0   0 0 0

3
1      1 7 0 1   5 1 0 0   0 0 4
2      0 4 0 5   1 5 0 0   0 0 0
3      0 0 0 1   2 1 0 0   0 0 0
4      0 0 0 0   0 0 0 0   0 0 0
5      0 0 0 0   0 0 0 0   0 0 0
6      0 0 0 0   0 0 0 0   0 0 0
7      0 0 0 0   0 0 0 0   0 0 4
8      0 1 0 0   0 0 0 0   0 0 1
9      4 6 0 0   0 0 0 0   0 0 0
10    0 0 0 0   0 0 0 0   0 0 0
11    0 0 0 0   0 0 0 0   0 0 0

4
1      0 2 0 0   0 0 0 0   0 0 0
2      4 0 1 0   0 0 0 0   1 0 5
3      0 0 0 0   0 0 0 0   0 0 0
4      0 0 0 0   0 0 0 0   0 0 0
5      0 0 0 0   0 0 0 0   0 0 0
6     0 0 0 0   0 0 0 0   0 0 0
7      0 0 0 0   0 0 0 0   0 0 0
8      0 0 0 0   0 0 0 0   0 0 0
9      0 0 0 0   0 0 0 0   0 0 0
10    0 0 0 0   1 0 6 0   5 0 0
11    0 0 1 0   1 0 0 0   0 0 0

5
1      0 0 0 0   0 0 0 0   0 0 0
2      0 0 0 0   0 1 0 0   0 0 0
3      0 0 0 0   0 0 0 1   1 0 0
4      0 0 0 0   0 0 0 1   1 0 0
5      1 0 0 0   0 0 0 0   0 0 0
6      1 0 0 0   0 0 0 0   0 0 0
7      0 0 0 0   0 0 0 0   0 0 0
8      0 0 0 0   0 0 0 0   0 0 0
9      7 1 4 6   0 0 0 0   0 0 0
10    0 0 0 0   0 0 0 0   0 0 0
11    0 0 0 0   0 0 0 0   0 0 -11

6
1      0 0 1 1   0 0 0 0   1 0 0
2      0 0 1 1   0 0 0 0   0 0 0
3      0 0 0 0   0 0 0 4   0 0 0
4      0 0 0 0   0 0 0 0   0 0 0
5      0 0 0 0   0 0 0 0   0 0 0
6      0 0 0 0   0 1 0 0   0 0 0
7      0 0 0 0   0 0 0 0   0 0 0
8      0 0 0 0   0 0 0 0   0 0 0
9      0 0 0 7   0 0 0 0   0 0 0
10    0 0 0 0   0 0 0 0   0 0 0
11    0 0 0 0   0 0 0 4   4 0 0

7
1      0 0 6 0   0 0 0 0   1 0 0
2      0 0 4 0   0 0 0 0   1 0 0
3      0 0 0 0   0 0 0 0   1 0 0
4      0 0 0 0   0 0 0 0   0 0 0
5      0 0 0 0   0 0 0 0   0 0 0
6      0 0 0 0   0 0 0 0   0 0 0
7      0 0 0 0   0 0 0 0   0 0 0
8      0 0 0 0   0 0 0 0   0 0 0
9      0 0 0 0   0 0 0 0   5 0 0
10    0 0 0 0   1 0 0 0   1 0 0
11    0 0 0 0   1 0 5 0   1 0 0

8
1      0 0 0 0   0 0 0 0   1 0 1
2      0 0 0 0   0 0 0 0   0 3 0
3      0 0 0 0   0 0 0 0   5 0 4
4      0 0 1 1   1 0 0 0   0 0 0
5      4 0 0 0   0 0 0 0   0 0 0
6      0 0 0 0   0 0 0 0   0 0 0
7      0 0 0 0   0 0 0 0   0 0 0
8      0 0 0 0   0 0 0 0   0 0 0
9      0 0 0 0   0 0 0 0   0 0 0
10    0 0 0 6   1 0 1 4   0 0 0
11    0 0 0 1   7 0 2 0   0 0 0

9
1      0 0 0 0   0 0 0 0   0 0 4
2      0 1 0 0   0 0 0 0   0 0 0
3      0 0 0 0   0 0 0 0   0 0 0
4      0 1 0 0   1 0 1 0   0 0 0
5      7 0 0 0   0 6 0 0   0 0 0
6      0 0 0 0   0 0 0 0   0 0 0
7      1 0 0 0   1 0 0 0   -12 0 0
8      0 0 0 0   0 0 0 0   0 0 0
9      0 0 0 0   0 0 0 0   1 0 0
10    0 0 0 0   0 0 0 0   0 0 0
11    0 0 0 0   0 0 0 0   0 0 4

10
1      0 0 0 0   0 0 0 0   0 0 0
2      0 0 0 0   0 0 0 0   0 0 0
3      0 0 0 0   0 0 0 0   0 0 0
4      0 0 0 0   0 0 0 0   0 0 0
5      0 0 0 0   0 0 0 0   0 0 0
6      0 7 0 0   0 0 0 0   0 6 0
7      0 0 0 0   0 0 0 0   0 0 0
8      0 0 0 0   0 0 0 0   0 0 0
9      0 0 0 0   0 0 0 0   0 0 0
10    0 0 0 0   0 0 0 0   0 0 0
11    0 0 0 0   0 0 0 0   0 0 5